384401	839	50
	0000000000000000000000000000000000000000000000000000000000000000
	0000000000000000000000000000000000000000000000000000000000000000
	0000000000000000000000000000000000000000000000000000000000000000

921230	839	16
	0000000000000100000000000000000000000000000000000000000000000000
	0000000000000100000000000000000000000000000000000000000000000001
	0000000000000000000000000000000000000000000000000000000000000000

974378	839	34
	0000000000000100000000000000000000000000000000010000000000000000
	0000000000000100000000000000000000000000000000010000000000000001
	0000000000000000000000000000000000000000000000000000000000000000

985118	839	40
	0000000000000100000000000000010000000000000000010000000000000000
	0000000000000100000000000000010000000000000000010000000000000001
	0000000000000000000000000000000000000000000000000000000000000000

1586807	839	63
	0000000000000100000000010000010000000000000000010000000000000000
	0000000000000100000000010000010000000000000000010000000000000001
	0000000000000000000000000000000000000000000000000000000000000000

1677925	839	55
	1000000000000100000000010000010000000000000000010000000000000000
	1000000000000100000000010000010000000000000000010000000000000001
	0000000000000000000000000000000000000000000000000000000000000000

2126742	839	26
	1000000010000100000000010000010000000000000000010000000000000000
	1000000010000100000000010000010000000000000000010000000000000001
	0000000000000000000000000000000000000000000000000000000000000000

2142543	839	45
	1000000010000100000000010000010000000100000000010000000000000000
	1000000010000100000000010000010000000100000000010000000000000001
	0000000000000000000000000000000000000000000000000000000000000000

2225542	839	17
	1000000010000100001000010000010000000100000000010000000000000000
	1000000010000100001000010000010000000100000000010000000000000001
	0000000000000000000000000000000000000000000000000000000000000000

2473242	839	5
	1000000010000100001000010000010000000100000000110000000000000000
	1000000010000100001000010000010000000100000000110000000000000001
	0000000000000000000000000000000000000000000000000000000000000000

2530962	839	8
	1000000010000100001000010000010000000100000000110000000000100000
	1000000010000100001000010000010000000100000000110000000000100001
	0000000000000000000000000000000000000000000000000000000000000000

2656935	839	52
	1000000010000100001000010000010000000100000000110000000100100000
	1000000010000100001000010000010000000100000000110000000100100001
	0000000000000000000000000000000000000000000000000000000000000000

2659261	839	20
	1000000010010100001000010000010000000100000000110000000100100000
	1000000010010100001000010000010000000100000000110000000100100001
	0000000000000000000000000000000000000000000000000000000000000000

4080123	839	53
	1000000010010100001000010000010000000100000100110000000100100000
	1000000010010100001000010000010000000100000100110000000100100001
	0000000000000000000000000000000000000000000000000000000000000000

4319003	839	14
	1000000010110100001000010000010000000100000100110000000100100000
	1000000010110100001000010000010000000100000100110000000100100001
	0000000000000000000000000000000000000000000000000000000000000000

4430131	839	37
	1000000010110100001000010000010000000100000100110100000100100000
	1000000010110100001000010000010000000100000100110100000100100001
	0000000000000000000000000000000000000000000000000000000000000000

4552181	839	9
	1000000010110100001000010010010000000100000100110100000100100000
	1000000010110100001000010010010000000100000100110100000100100001
	0000000000000000000000000000000000000000000000000000000000000000

5052759	839	24
	1000000010110100001000010010010000000100000100110100001100100000
	1000000010110100001000010010010000000100000100110100001100100001
	0000000000000000000000000000000000000000000000000000000000000000

5053613	839	54
	1000000010110100001000010010010000000101000100110100001100100000
	1000000010110100001000010010010000000101000100110100001100100001
	0000000000000000000000000000000000000000000000000000000000000000

5107728	839	34
	1000000011110100001000010010010000000101000100110100001100100000
	1000000011110100001000010010010000000101000100110100001100100001
	0000000000000000000000000000000000000000000000000000000000000000

5590737	839	3
	1000000011110100001000010010010000000101000100110100001100100000
	1000000011110100001000010010100000000101000100110100001100100001
	0000000000000000000000000000000000000000000000000000000000000000

5758352	839	16
	1000000011110100001000010010010000000101000100110100001100101000
	1000000011110100001000010010100000000101000100110100001100101001
	0000000000000000000000000000000000000000000000000000000000000000

6517199	839	58
	1000000011110100001000010010010000000101000100110100001100101000
	1000000011110100001000010010100000000101000101100100001100101001
	0000000000000000000000000000000000000000000000000000000000000000

6842999	839	38
	1000010011110100001000010010010000000101000100110100001100101000
	1000010011110100001000010010100000000101000101100100001100101001
	0000000000000000000000000000000000000000000000000000000000000000

6963438	839	46
	1000010011110100001000010110010000000101000100110100001100101000
	1000010011110100001000010110100000000101000101100100001100101001
	0000000000000000000000000000000000000000000000000000000000000000

7150787	839	25
	1000010011110100011000010110010000000101000100110100001100101000
	1000010011110100011000010110100000000101000101100100001100101001
	0000000000000000000000000000000000000000000000000000000000000000

7327089	839	51
	1000010011110100011000010110010000000111000100110100001100101000
	1000010011110100011000010110100000000111000101100100001100101001
	0000000000000000000000000000000000000000000000000000000000000000

7643293	839	15
	1000010011111100011000010110010000000111000100110100001100101000
	1000010011111100011000010110100000000111000101100100001100101001
	0000000000000000000000000000000000000000000000000000000000000000

7732720	839	8
	1000010011111100011000010110010000000111000100111100001100101000
	1000010011111100011000010110100000000111000101101100001100101001
	0000000000000000000000000000000000000000000000000000000000000000

8093620	839	54
	1000010011111100011000010110010000000111000100111100001100101000
	1000010011111100011000010110100000000111000101101100011000101001
	0000000000000000000000000000000000000000000000000000000000000000

8103653	839	50
	1000010011111100011000010110010000000111000100111100001100101000
	1000010110111100011000010110100000000111000101101100011000101001
	0000000000000000000000000000000000000000000000000000000000000000

8418102	839	13
	1000010011111100011000010110010000000111000100111100001100101000
	1000011101111000011000010110100000000111000101101100011000101001
	0000000000000000000000000000000000000000000000000000000000000000

